%YAML:1.0
K: !!opencv-matrix
   rows: 3
   cols: 3
   dt: d
   data: [ 2.1588488710988199e+02, 0., 1.6085987928415321e+02, 0.,
       2.1549879037203897e+02, 7.9105119086590335e+01, 0., 0., 1. ]
D: !!opencv-matrix
   rows: 1
   cols: 5
   dt: d
   data: [ -3.5966674538493798e-01, 1.9693198148720190e-01,
       1.2254854058587335e-03, -7.0716789867847883e-04,
       -7.5239841164309443e-02 ]
board_width: 9
board_height: 6
square_size: 70.
